Treenumber	Species	dbh	h	Formfactor	quality	V	X	Y	BB	BR	DC	HJ	JH	JW	LC	LD	RA	RK	WS
2	NS	12.5	11.0	0.500	A	0.068	3.500	2.370	0	1	0	0	1	0	0	1	1	0	0
3	NS	18.6	12.5	0.480	A	0.163	3.388	4.410	0	0	0	0	0	0	0	0	0	0	0
4	NS	7.0	8.8	0.531	B	0.018	3.379	6.100	1	1	1	1	1	1	1	1	1	1	1
5	NS	10.6	10.4	0.508	B	0.046	3.370	7.800	0	1	0	1	1	1	1	1	0	1	0
6	BI	5.6	10.8	0.534	A	0.014	4.512	9.190	1	0	0	1	1	1	1	1	0	0	1
7	NS	14.3	11.5	0.494	A	0.091	3.060	9.600	0	0	0	0	0	0	0	1	0	0	0
8	NS	16.0	11.9	0.488	C	0.117	3.238	13.460	0	1	1	1	1	0	1	0	1	1	1
9	NS	11.4	10.6	0.505	A	0.055	3.030	15.080	0	0	0	0	0	0	0	1	0	0	0
10	NS	9.7	10.0	0.513	B	0.038	3.070	16.770	0	1	1	1	1	1	1	1	1	1	1
11	NS	9.1	9.8	0.516	B	0.033	2.813	18.160	0	1	1	1	0	0	1	1	0	1	0
12	NS	13.7	11.3	0.496	C	0.083	3.209	18.850	1	0	1	0	1	0	0	1	1	1	0
13	NS	15.2	11.7	0.491	C	0.105	3.288	22.700	0	0	0	1	1	0	0	0	0	0	0
14	NS	6.7	8.6	0.534	A	0.016	3.077	24.600	0	1	1	1	1	1	1	1	1	1	1
15	NS	15.8	11.9	0.489	A	0.114	3.267	26.440	0	0	0	0	0	0	0	0	0	0	0
16	NS	8.5	9.5	0.520	B	0.028	3.258	28.100	1	1	1	1	1	1	1	1	1	1	1
17	NS	16.5	12.1	0.486	B	0.125	3.036	32.100	0	0	0	0	0	0	0	0	0	0	0
18	NS	11.2	10.6	0.506	C	0.053	2.934	32.440	1	1	1	0	1	1	1	0	1	1	0
19	NS	7.3	8.9	0.528	B	0.020	5.370	36.260	1	1	1	1	1	1	1	1	1	1	1
20	NS	14.6	11.6	0.493	B	0.096	5.228	35.940	0	0	0	0	0	0	0	0	0	0	0
21	NS	14.1	11.5	0.495	A	0.088	5.174	34.100	0	0	0	0	0	0	0	0	1	0	0
22	NS	13.9	11.4	0.495	C	0.086	5.226	32.030	0	0	1	0	0	0	0	0	0	0	0
23	NS	9.8	10.1	0.512	A	0.039	5.280	29.900	1	1	1	0	1	1	1	1	1	1	1
24	NS	18.3	12.5	0.481	B	0.158	5.422	28.220	0	0	0	0	0	0	0	0	0	0	0
25	NS	10.6	10.4	0.508	B	0.046	5.370	26.310	0	0	0	0	0	0	1	1	1	0	0
26	NS	9.4	9.9	0.514	B	0.035	5.559	22.800	0	1	0	1	1	0	1	0	0	1	1
27	NS	8.2	9.4	0.522	B	0.026	5.564	22.600	1	1	1	1	1	1	1	1	0	1	1
28	NS	20.0	12.8	0.475	B	0.191	5.701	21.100	0	0	0	0	0	0	0	0	1	0	0
30	NS	16.0	11.9	0.488	A	0.117	5.647	15.320	0	0	0	0	0	0	0	0	0	0	0
31	NS	10.5	10.3	0.509	A	0.045	5.697	13.340	0	1	1	0	0	0	1	1	0	0	0
32	BI	6.3	9.8	0.515	C	0.016	5.511	10.770	0	0	1	1	1	0	1	0	1	1	1
33	BI	7.9	10.3	0.497	C	0.025	5.463	10.700	1	1	1	1	1	0	1	0	0	1	1
34	NS	14.8	11.6	0.492	C	0.099	5.795	9.450	0	0	1	0	1	0	1	0	1	1	1
35	NS	17.0	12.2	0.485	C	0.134	5.846	7.400	0	0	0	0	1	0	0	0	0	0	0
36	NS	14.3	11.5	0.494	A	0.091	5.993	5.540	0	0	0	0	0	0	0	0	0	0	0
37	NS	8.9	9.7	0.517	C	0.031	6.284	1.920	1	1	1	1	1	1	1	1	1	1	1
38	BI	9.6	11.2	0.484	C	0.039	6.089	1.730	0	0	1	1	1	0	1	1	1	1	1
39	NS	15.0	11.7	0.491	A	0.102	7.994	1.540	0	0	0	0	0	0	0	0	0	0	0
40	BI	6.6	10.5	0.514	A	0.018	8.351	3.270	0	0	0	0	1	0	1	1	0	0	1
41	NS	11.6	10.7	0.504	A	0.057	7.956	3.070	0	0	0	0	0	0	1	1	0	0	0
42	NS	12.8	11.1	0.499	A	0.071	7.968	6.640	0	0	0	0	0	0	0	0	0	0	0
43	NS	13.2	11.2	0.498	B	0.076	7.538	7.840	0	1	0	0	0	0	0	0	1	0	0
44	NS	5.2	7.6	0.555	A	0.009	7.697	9.490	1	1	1	1	1	1	1	1	1	1	1
45	NS	5.8	8.0	0.545	B	0.012	7.649	11.410	1	1	1	1	1	0	1	1	1	1	1
46	NS	9.2	9.8	0.515	B	0.034	7.745	11.560	0	0	0	0	0	0	1	1	1	0	0
47	NS	8.2	9.4	0.522	B	0.026	7.690	13.780	1	1	1	1	1	1	1	1	1	1	1
48	NS	14.8	11.6	0.492	B	0.099	7.687	13.920	0	0	0	1	0	0	0	0	0	0	0
49	NS	10.7	10.4	0.508	C	0.047	7.639	15.860	1	1	1	0	1	1	1	1	1	1	1
50	NS	12.4	11.0	0.501	A	0.066	7.602	17.340	0	0	0	0	0	0	0	1	0	0	0
51	NS	7.5	9.0	0.527	C	0.021	7.730	20.250	1	1	1	0	1	1	1	1	1	1	1
53	NS	9.3	9.9	0.515	B	0.034	7.791	21.820	1	1	1	1	1	0	1	0	1	1	1
54	NS	5.9	8.1	0.543	A	0.012	7.473	22.550	1	1	1	1	1	0	1	0	1	1	1
55	NS	23.7	13.5	0.463	A	0.275	7.440	23.880	0	0	0	0	0	0	0	0	0	0	0
56	NS	13.0	11.1	0.499	C	0.074	7.383	26.170	0	0	0	1	1	1	1	0	1	1	0
57	NS	14.5	11.6	0.493	B	0.094	7.348	27.580	1	1	0	0	1	0	0	1	0	0	0
58	NS	11.0	10.5	0.507	B	0.051	7.339	27.920	0	0	1	1	1	1	1	1	1	1	1
60	NS	15.0	11.7	0.491	A	0.102	7.230	32.320	0	0	0	0	0	0	0	0	0	0	0
61	BI	8.9	11.0	0.490	A	0.034	8.431	32.280	0	0	1	0	1	0	1	1	0	1	0
62	BI	5.2	6.8	0.521	B	0.008	6.699	33.580	0	0	1	1	0	0	1	1	0	1	0
63	NS	6.7	8.6	0.534	A	0.016	7.683	34.230	0	0	1	1	1	1	1	1	0	1	1
64	NS	20.3	12.9	0.474	B	0.197	9.562	32.650	0	1	0	0	0	0	0	0	0	0	0
65	BI	6.9	9.5	0.505	A	0.018	9.806	29.780	0	0	1	0	0	0	1	1	0	1	1
66	NS	18.7	12.5	0.479	A	0.165	9.624	28.580	0	0	0	0	0	0	0	0	0	0	0
67	NS	6.0	8.2	0.542	C	0.013	9.667	25.750	1	1	1	1	1	0	1	1	1	1	1
68	BI	9.8	10.6	0.481	A	0.038	10.071	25.510	0	0	1	1	0	0	1	1	1	0	1
69	NS	7.9	9.2	0.524	B	0.024	9.689	24.310	1	1	1	1	1	1	0	1	1	1	1
70	NS	12.4	11.0	0.501	A	0.066	9.721	22.190	0	0	0	0	0	0	0	0	0	0	0
71	NS	21.4	13.1	0.471	A	0.221	9.752	20.170	0	0	0	0	0	0	0	0	0	0	0
72	NS	13.6	11.3	0.496	A	0.082	9.684	18.040	1	0	0	0	0	0	0	0	0	0	0
73	NS	14.8	11.6	0.492	B	0.099	9.849	13.770	0	0	0	0	0	1	1	0	0	1	0
74	NS	16.6	12.1	0.486	A	0.127	9.709	9.790	0	0	0	0	0	0	0	0	0	0	0
75	BI	6.1	7.2	0.509	B	0.011	8.936	8.010	1	1	1	1	1	0	1	1	1	1	0
76	NS	7.5	9.0	0.527	B	0.021	9.940	7.770	0	1	1	1	1	1	1	1	0	1	1
77	BI	5.2	8.7	0.529	B	0.010	10.256	6.680	0	1	1	0	1	1	1	1	1	1	1
78	NS	7.5	9.0	0.527	C	0.021	9.971	5.690	0	0	1	1	1	1	0	0	1	0	1
79	NS	8.4	9.5	0.520	A	0.027	10.102	3.680	0	0	1	1	0	0	0	1	0	0	0
81	NS	6.4	8.4	0.537	B	0.015	10.131	1.780	1	1	1	1	1	1	1	1	1	1	1
82	NS	6.5	8.5	0.536	B	0.015	10.034	1.540	0	1	1	1	1	1	1	1	0	1	1
83	NS	15.0	11.7	0.491	B	0.102	12.089	1.220	0	0	0	0	0	0	0	1	0	0	0
84	NS	8.4	9.5	0.520	B	0.027	12.160	3.030	1	1	1	1	1	1	1	1	1	1	1
85	NS	11.5	10.7	0.504	B	0.056	12.057	3.220	0	0	0	1	1	0	0	1	0	0	0
88	NS	16.6	12.1	0.486	A	0.127	11.999	6.860	0	1	0	0	0	0	0	0	0	0	0
90	NS	18.0	12.4	0.482	B	0.152	11.745	10.280	0	0	0	0	0	0	0	0	0	0	0
91	NS	13.9	11.4	0.495	B	0.086	11.909	12.570	0	1	0	0	0	1	1	1	0	1	1
92	EL	24.8	13.7	0.443	C	0.293	11.194	13.500	1	0	0	0	1	0	0	0	1	0	0
93	NS	6.1	8.2	0.541	B	0.013	11.884	14.090	0	1	1	1	1	0	1	1	1	1	1
94	NS	11.6	10.7	0.504	B	0.057	11.657	15.830	0	1	1	0	0	0	1	1	1	1	1
95	NS	12.8	11.1	0.499	A	0.071	11.537	17.070	0	0	1	0	0	0	0	0	1	0	0
96	NS	15.0	11.7	0.491	C	0.102	11.804	19.160	1	1	1	1	1	1	0	1	1	1	1
97	NS	13.8	11.4	0.496	A	0.084	11.793	19.870	0	0	0	0	0	0	1	0	0	0	0
99	NS	11.2	10.6	0.506	A	0.053	11.732	23.710	0	0	0	0	0	0	0	0	0	0	1
100	NS	6.9	8.7	0.532	C	0.017	11.599	25.750	1	1	1	1	1	1	1	0	1	1	1
101	NS	10.0	10.1	0.511	B	0.041	11.697	25.880	0	1	0	1	1	1	1	1	0	1	0
102	NS	18.5	12.5	0.480	A	0.161	11.669	27.680	0	0	0	0	0	0	0	0	0	0	0
103	NS	12.8	11.1	0.499	B	0.071	11.607	31.560	0	0	0	0	0	0	0	0	0	0	0
104	NS	7.9	9.2	0.524	A	0.024	11.572	33.760	1	1	1	1	1	1	1	1	1	1	1
105	NS	10.0	10.1	0.511	A	0.041	11.342	35.690	0	1	1	0	1	0	0	0	0	0	0
106	NS	12.2	10.9	0.502	B	0.064	12.851	35.860	0	0	1	0	0	0	1	1	1	0	0
107	NS	16.9	12.2	0.485	A	0.132	12.963	33.980	0	0	0	0	0	0	0	0	0	0	0
108	NS	15.0	11.7	0.491	B	0.102	13.065	32.270	0	0	0	0	0	0	1	0	0	0	0
109	NS	12.4	11.0	0.501	C	0.066	13.176	30.400	1	1	0	1	1	0	1	1	1	0	1
110	NS	6.1	8.2	0.541	A	0.013	13.285	28.570	0	1	1	1	1	0	1	1	0	0	1
111	NS	11.1	10.5	0.506	A	0.052	13.400	26.650	0	0	1	0	0	0	1	1	1	1	1
112	NS	11.5	10.7	0.504	A	0.056	13.911	24.790	0	1	1	0	0	0	1	0	1	0	0
114	NS	13.2	11.2	0.498	B	0.076	13.647	22.510	0	0	0	0	0	0	0	0	0	0	0
115	NS	13.4	11.3	0.497	B	0.079	13.937	19.320	0	0	0	0	0	0	0	0	0	0	0
116	NS	12.2	10.9	0.502	C	0.064	13.973	17.050	0	1	1	1	1	0	0	1	1	1	1
117	NS	9.6	10.0	0.513	C	0.037	14.356	15.660	1	1	1	1	1	0	1	1	1	1	1
118	NS	10.5	10.3	0.509	B	0.045	14.088	15.120	0	1	1	0	0	0	1	1	0	0	0
119	NS	8.5	9.5	0.520	A	0.028	14.270	13.750	0	1	0	0	1	1	1	0	1	0	1
120	NS	14.7	11.6	0.493	B	0.097	14.555	12.310	0	0	0	0	0	0	0	0	0	0	0
121	BI	6.4	8.3	0.507	C	0.014	14.786	11.800	0	0	0	0	0	1	0	1	0	0	1
122	NS	6.2	8.3	0.540	C	0.014	15.454	8.990	0	1	1	1	1	1	1	1	1	1	1
123	BI	6.6	10.3	0.513	A	0.018	15.677	8.590	0	1	1	1	0	0	1	1	0	0	1
124	NS	13.6	11.3	0.496	A	0.082	15.747	7.430	0	0	0	0	0	0	0	0	0	0	0
125	DF	16.1	14.7	0.519	B	0.155	15.155	5.610	0	0	0	1	0	0	0	0	0	0	0
126	NS	9.1	9.8	0.516	B	0.033	14.865	5.440	1	1	1	1	1	1	1	0	1	1	1
127	NS	12.1	10.9	0.502	A	0.063	14.835	4.280	1	1	0	0	1	1	1	1	1	0	1
128	NS	17.7	12.3	0.483	C	0.146	14.425	2.770	0	0	0	0	0	0	0	0	0	0	0
130	NS	12.3	10.9	0.501	A	0.065	16.507	3.140	0	0	0	0	0	0	1	1	1	0	1
131	SP	12.2	10.7	0.526	B	0.066	17.086	3.530	1	0	1	1	1	1	1	1	1	1	0
132	NS	13.8	11.4	0.496	B	0.084	16.902	5.080	0	0	0	0	0	0	0	0	0	0	0
133	NS	6.5	8.5	0.536	A	0.015	18.703	5.070	1	1	1	1	1	1	0	1	1	1	1
134	BI	9.2	11.4	0.488	A	0.037	17.225	6.500	0	0	1	1	0	0	1	1	0	0	1
135	NS	9.6	10.0	0.513	B	0.037	17.395	7.050	1	0	0	1	1	1	1	1	1	1	1
136	NS	12.4	11.0	0.501	B	0.066	16.741	9.900	0	0	0	1	0	0	1	1	0	0	0
137	NS	8.5	9.5	0.520	B	0.028	16.835	10.020	1	1	1	1	0	1	1	1	1	1	1
138	BI	5.3	9.0	0.528	C	0.010	15.919	10.300	0	0	1	0	0	1	1	0	0	0	0
139	NS	6.7	8.6	0.534	A	0.016	16.316	12.210	1	1	1	0	1	1	0	0	1	1	1
140	NS	15.9	11.9	0.488	C	0.116	16.192	14.500	0	0	0	1	0	1	0	0	0	0	0
141	NS	16.0	11.9	0.488	C	0.117	16.386	14.610	0	1	0	1	0	0	1	0	1	0	1
142	NS	5.6	7.9	0.548	B	0.011	16.230	15.640	0	1	0	1	1	1	0	0	1	0	0
144	NS	12.3	10.9	0.501	C	0.065	15.833	19.290	0	0	1	0	1	0	1	0	1	0	1
145	NS	17.1	12.2	0.484	A	0.136	15.920	21.380	0	0	0	0	0	0	0	0	0	0	0
146	NS	10.7	10.4	0.508	A	0.047	15.816	23.300	0	0	1	0	1	1	1	0	0	0	1
147	NS	13.4	11.3	0.497	A	0.079	15.712	25.220	0	0	0	0	0	0	1	0	0	0	0
149	NS	10.8	10.4	0.507	B	0.048	15.431	28.560	0	0	0	1	1	0	1	1	0	0	0
150	NS	5.8	8.0	0.545	B	0.012	15.524	28.680	1	1	1	1	1	1	1	1	1	1	1
151	NS	15.4	11.8	0.490	A	0.108	15.225	30.510	0	0	0	0	0	0	0	0	0	0	0
152	NS	10.4	10.3	0.509	B	0.044	15.213	32.590	1	1	1	0	1	1	1	1	1	0	0
153	NS	12.0	10.8	0.502	A	0.062	15.233	34.060	0	0	0	0	0	0	0	0	0	0	0
154	NS	13.0	11.1	0.499	C	0.074	15.226	34.200	1	1	1	0	1	1	1	0	1	1	1
155	NS	13.3	11.2	0.497	C	0.078	17.351	33.580	0	0	0	0	0	0	0	0	0	0	0
156	NS	13.2	11.2	0.498	C	0.076	17.335	33.860	1	1	0	1	1	1	1	0	1	1	1
157	NS	17.2	12.2	0.484	B	0.138	17.412	30.570	0	0	0	1	0	1	0	0	0	1	0
158	NS	13.5	11.3	0.497	B	0.080	17.717	30.480	1	1	1	1	1	0	1	1	1	1	1
159	NS	5.7	8.0	0.546	C	0.011	17.673	29.450	0	1	0	1	1	0	0	0	1	1	1
160	NS	19.2	12.6	0.478	A	0.175	17.682	27.410	0	0	0	0	0	0	0	0	0	0	0
161	NS	16.2	12.0	0.487	A	0.120	17.812	25.010	0	0	0	0	0	0	0	0	0	0	0
162	NS	13.9	11.4	0.495	A	0.086	18.109	23.200	0	0	0	0	1	0	1	0	0	0	0
163	NS	14.6	11.6	0.493	B	0.096	18.126	21.020	0	0	0	0	0	0	0	0	0	0	0
164	NS	11.7	10.7	0.504	B	0.058	18.139	18.920	0	0	0	1	0	0	1	1	0	0	0
165	NS	8.9	9.7	0.517	B	0.031	18.443	18.840	1	1	1	1	0	1	1	1	1	1	1
166	NS	11.4	10.6	0.505	C	0.055	18.236	17.110	0	1	1	1	1	1	1	0	1	1	1
167	NS	17.9	12.4	0.482	C	0.150	18.400	14.070	1	0	1	0	1	0	0	0	0	1	0
168	NS	9.4	9.9	0.514	C	0.035	18.638	11.510	0	1	0	1	1	0	0	1	0	1	0
169	BI	7.4	9.5	0.499	C	0.020	19.478	10.770	1	1	1	0	1	1	1	1	1	1	1
170	NS	14.5	11.6	0.493	B	0.094	18.884	8.790	0	0	0	0	0	0	0	0	0	0	0
171	NS	14.5	11.6	0.493	C	0.094	18.861	7.360	1	1	1	0	0	0	0	1	0	0	0
172	NS	11.0	10.5	0.507	C	0.051	20.999	1.100	0	1	0	1	0	1	1	0	0	0	0
173	NS	14.6	11.6	0.493	A	0.096	20.914	3.480	0	0	0	0	0	0	0	0	0	0	0
174	NS	13.1	11.2	0.498	C	0.075	20.742	5.500	0	1	0	0	0	0	0	0	0	0	0
175	NS	11.3	10.6	0.505	B	0.054	20.795	6.840	0	0	0	0	1	1	0	0	0	0	1
176	NS	13.8	11.4	0.496	A	0.084	20.135	11.330	0	0	0	0	0	0	0	0	0	0	0
177	NS	13.4	11.3	0.497	C	0.079	20.760	13.460	1	1	1	1	1	1	1	1	1	1	1
178	NS	21.3	13.0	0.471	A	0.219	20.587	15.510	0	0	0	0	0	0	0	1	0	0	0
179	NS	15.3	11.8	0.490	C	0.106	20.411	17.650	0	0	0	0	0	1	0	0	0	1	0
180	NS	12.2	10.9	0.502	B	0.064	20.259	19.100	1	1	0	1	1	1	1	1	0	0	1
181	NS	13.7	11.3	0.496	B	0.083	20.353	19.290	0	0	0	1	1	0	1	1	0	0	0
182	NS	8.5	9.5	0.520	A	0.028	20.234	22.630	0	1	1	0	1	1	1	0	0	1	1
183	NS	17.6	12.3	0.483	A	0.145	20.137	25.350	0	0	0	0	0	0	0	0	1	0	0
184	NS	16.2	12.0	0.487	C	0.120	20.065	27.390	0	0	0	0	0	0	0	0	0	0	0
186	NS	14.4	11.5	0.494	C	0.093	19.655	33.290	0	0	0	0	0	0	0	0	0	0	0
187	NS	9.7	10.0	0.513	B	0.038	19.806	34.670	1	1	0	1	1	1	1	1	1	1	0
188	NS	10.8	10.4	0.507	B	0.048	19.702	34.790	0	1	0	1	1	0	1	1	1	1	0
189	NS	13.7	11.3	0.496	A	0.083	21.390	35.610	0	0	0	0	0	0	0	0	0	0	0
190	NS	8.5	9.5	0.520	A	0.028	21.726	34.150	1	1	1	1	1	1	1	1	1	1	1
191	NS	14.1	11.5	0.495	B	0.088	22.136	33.760	0	0	0	0	0	0	0	0	0	0	0
192	NS	9.3	9.9	0.515	B	0.034	21.881	31.910	0	0	1	0	0	0	1	1	0	0	0
194	NS	6.7	8.6	0.534	B	0.016	21.932	29.840	0	1	1	1	1	1	1	1	0	1	1
195	BI	14.9	9.7	0.458	C	0.078	22.050	29.090	1	0	1	1	0	0	1	1	1	1	1
196	NS	8.4	9.5	0.520	C	0.027	22.181	27.820	0	1	1	1	1	1	1	1	1	1	1
198	NS	17.6	12.3	0.483	B	0.145	22.054	24.830	0	0	0	0	0	0	0	0	0	0	0
199	NS	8.4	9.5	0.520	B	0.027	22.101	22.910	0	0	0	0	1	1	1	1	1	1	1
200	NS	6.5	8.5	0.536	B	0.015	22.198	23.030	1	0	1	1	1	1	1	1	1	1	1
201	BI	6.6	8.0	0.504	C	0.014	22.512	22.470	1	1	1	1	0	1	1	1	0	1	1
203	NS	14.3	11.5	0.494	A	0.091	21.933	21.600	0	0	0	0	0	0	0	0	0	0	1
204	BI	7.8	8.2	0.493	B	0.019	22.480	19.700	1	1	1	0	0	1	0	0	0	1	1
205	NS	13.1	11.2	0.498	B	0.075	22.006	18.650	0	0	0	0	0	0	0	0	0	0	0
206	NS	8.0	9.3	0.523	B	0.024	22.059	16.480	1	1	1	1	1	1	1	1	1	1	0
207	NS	10.3	10.2	0.510	B	0.044	22.262	16.350	0	0	0	1	1	0	1	1	0	1	0
208	BI	5.0	8.2	0.530	B	0.009	22.704	14.640	0	0	0	1	0	1	1	1	0	1	0
209	NS	7.8	9.2	0.524	B	0.023	22.309	14.420	0	1	1	1	1	1	1	1	0	1	1
210	BI	5.9	10.1	0.524	C	0.014	23.044	13.010	0	1	1	1	0	1	0	1	1	1	1
212	NS	11.3	10.6	0.505	B	0.054	22.374	11.780	0	0	0	0	1	0	0	1	0	0	0
213	NS	16.2	12.0	0.487	A	0.120	22.413	10.170	0	0	0	0	0	0	0	0	0	0	0
214	NS	8.9	9.7	0.517	B	0.031	22.273	7.710	0	1	0	1	0	0	1	1	1	1	1
215	NS	11.4	10.6	0.505	C	0.055	22.476	7.600	1	0	0	1	0	1	1	1	0	1	0
216	NS	7.0	8.8	0.531	B	0.018	22.537	5.110	0	1	1	0	1	1	1	1	1	1	1
217	BI	5.7	10.2	0.528	B	0.014	22.548	4.650	1	1	1	1	0	1	1	1	0	0	1
218	NS	10.5	10.3	0.509	C	0.045	22.285	3.160	1	0	1	0	1	1	1	1	0	1	1
219	NS	10.0	10.1	0.511	B	0.041	24.875	1.450	0	0	1	1	1	0	1	1	1	0	0
220	NS	5.7	8.0	0.546	C	0.011	24.873	1.550	1	1	1	1	1	1	1	1	1	1	1
221	NS	7.4	9.0	0.528	B	0.020	25.049	3.050	0	1	1	0	1	1	1	1	0	1	1
222	NS	6.6	8.5	0.535	C	0.016	24.847	3.160	0	1	1	0	1	1	1	1	1	1	0
223	NS	7.1	8.8	0.530	A	0.018	24.830	4.200	1	1	1	1	1	1	1	0	1	1	1
224	NS	10.1	10.2	0.511	A	0.042	24.524	4.560	0	0	0	0	0	0	1	0	0	0	0
225	NS	15.7	11.9	0.489	A	0.112	24.798	6.190	0	0	0	0	0	0	0	0	0	0	0
226	NS	15.6	11.8	0.489	C	0.111	24.751	9.080	1	0	0	1	1	1	0	0	0	1	0
227	NS	18.5	12.5	0.480	A	0.161	24.704	12.000	0	0	0	0	0	0	1	0	0	0	0
228	BI	6.6	8.2	0.505	B	0.014	24.293	12.660	1	1	1	0	0	0	0	1	1	1	1
229	NS	11.0	10.5	0.507	A	0.051	24.670	14.070	1	0	0	0	0	1	0	0	1	1	0
230	NS	15.8	11.9	0.489	A	0.114	24.641	15.860	0	0	0	0	0	0	0	0	0	0	0
231	NS	9.5	9.9	0.514	B	0.036	24.613	17.600	1	1	0	0	0	1	1	1	0	0	1
232	NS	12.6	11.0	0.500	B	0.069	24.810	17.780	0	0	0	1	0	0	1	1	0	0	0
233	NS	11.8	10.8	0.503	B	0.059	24.677	19.800	0	1	0	1	1	0	1	1	1	1	0
234	NS	9.7	10.0	0.513	B	0.038	24.576	19.890	1	1	1	1	1	1	1	1	1	1	1
235	NS	19.6	12.7	0.476	A	0.183	24.547	21.660	0	0	1	0	0	0	0	0	0	0	0
236	NS	12.5	11.0	0.500	A	0.068	24.519	23.390	0	0	0	0	0	0	1	0	0	0	0
237	NS	7.0	8.8	0.531	B	0.018	24.684	25.550	1	1	1	0	0	1	0	1	1	1	1
238	NS	10.2	10.2	0.510	B	0.043	24.782	25.650	0	0	1	1	0	0	0	1	1	0	0
241	NS	15.0	11.7	0.491	A	0.102	24.716	29.740	0	0	0	0	0	0	0	0	0	0	0
242	NS	9.5	9.9	0.514	B	0.036	24.880	31.940	1	1	1	1	1	1	0	1	1	1	1
243	NS	13.7	11.3	0.496	A	0.083	24.754	33.570	0	0	0	0	0	0	1	0	0	0	0
244	NS	13.5	11.3	0.497	C	0.080	24.320	35.690	0	0	0	0	0	0	0	0	1	0	0
246	NS	7.8	9.2	0.524	A	0.023	27.201	33.700	1	1	1	0	1	0	1	1	0	1	1
249	NS	13.5	11.3	0.497	A	0.080	26.932	31.480	0	0	0	0	0	0	0	0	0	0	0
250	BI	6.8	7.3	0.501	C	0.013	28.350	30.220	1	0	1	0	1	0	1	1	0	1	0
251	NS	16.9	12.2	0.485	A	0.132	27.161	29.430	0	0	0	0	0	0	0	0	1	0	1
253	NS	13.8	11.4	0.496	A	0.084	26.991	27.290	0	1	0	0	0	0	0	1	0	0	0
254	NS	14.7	11.6	0.493	C	0.097	27.623	25.040	0	0	0	0	0	0	0	0	0	0	0
255	BI	6.8	8.9	0.504	B	0.016	27.241	23.790	1	0	1	1	0	0	1	0	1	1	1
256	BI	7.9	9.9	0.495	B	0.024	27.045	23.510	0	0	1	1	0	0	1	0	0	0	1
257	NS	9.3	9.9	0.515	C	0.034	28.278	21.120	1	1	1	1	1	1	0	1	1	1	1
258	NS	11.5	10.7	0.504	B	0.056	27.583	20.820	1	1	0	1	0	0	0	1	0	0	0
259	NS	11.0	10.5	0.507	B	0.051	27.784	20.700	0	1	0	1	0	0	1	1	0	0	1
260	NS	6.1	8.2	0.541	C	0.013	27.499	19.680	1	1	1	1	1	0	0	1	1	1	0
261	BI	6.0	8.9	0.515	A	0.013	27.828	17.640	0	0	1	1	0	0	0	0	0	1	1
262	NS	14.9	11.7	0.492	A	0.100	27.142	16.600	0	0	0	0	0	0	0	0	0	0	0
263	BI	5.1	6.9	0.558	C	0.008	27.942	16.650	0	1	1	1	0	0	0	1	1	0	1
264	NS	15.6	11.8	0.489	A	0.111	27.169	14.710	0	0	0	0	0	0	0	0	0	0	0
266	NS	11.3	10.6	0.505	C	0.054	27.197	12.710	1	0	1	1	1	0	0	1	1	1	1
267	BI	5.7	11.4	0.536	A	0.016	28.400	12.510	0	1	1	1	0	0	1	0	0	1	1
270	NS	14.9	11.7	0.492	C	0.100	27.768	7.700	0	0	0	0	1	0	0	0	0	0	0
271	BI	6.9	7.5	0.500	B	0.014	27.082	6.690	0	0	0	1	0	0	1	0	1	0	0
272	NS	15.6	11.8	0.489	A	0.111	27.292	6.040	0	0	0	0	0	0	0	0	0	0	1
273	NS	9.1	9.8	0.516	B	0.033	27.528	3.490	0	1	1	1	1	1	1	1	1	1	1
274	NS	7.8	9.2	0.524	B	0.023	27.330	3.340	1	1	1	1	1	1	1	1	1	1	1
275	NS	10.8	10.4	0.507	B	0.048	27.655	1.560	1	0	0	1	0	0	1	1	1	0	1
276	NS	14.1	11.5	0.495	B	0.088	27.355	1.550	0	0	0	1	0	0	0	1	0	0	0
277	NS	12.5	11.0	0.500	B	0.068	28.974	1.620	0	0	0	0	0	0	0	0	1	0	0
278	NS	10.7	10.4	0.508	C	0.047	29.140	3.090	1	1	1	1	0	0	1	0	0	1	0
279	NS	9.1	9.8	0.516	A	0.033	29.323	3.850	0	0	1	1	1	1	1	1	1	0	1
280	NS	13.9	11.4	0.495	C	0.086	29.273	6.000	0	0	0	0	0	0	0	0	0	0	0
281	NS	16.5	12.1	0.486	B	0.125	29.128	7.960	0	0	0	0	0	1	0	0	0	0	0
282	NS	15.7	11.9	0.489	B	0.112	29.183	9.910	0	0	1	0	0	0	0	0	0	0	0
283	NS	10.8	10.4	0.507	C	0.048	29.343	11.630	0	1	1	1	1	0	1	1	1	1	1
284	BI	5.0	8.0	0.529	B	0.008	29.783	14.240	0	0	1	0	0	0	0	0	0	1	1
285	NS	16.9	12.2	0.485	B	0.132	29.110	17.380	0	0	0	0	0	0	0	0	0	0	0
287	NS	13.6	11.3	0.496	C	0.082	28.727	20.960	0	0	0	0	1	0	0	0	1	1	1
288	NS	9.1	9.8	0.516	A	0.033	28.686	22.740	1	0	1	0	0	1	1	1	0	0	0
289	NS	6.8	8.6	0.533	B	0.017	28.746	24.500	0	1	1	1	1	0	1	1	0	1	1
290	NS	5.5	7.8	0.550	B	0.010	28.843	24.610	1	1	1	1	1	1	1	1	0	1	1
291	NS	9.6	10.0	0.513	A	0.037	28.845	28.840	0	0	1	0	0	0	1	1	0	1	0
292	NS	11.7	10.7	0.504	C	0.058	29.003	30.670	1	1	1	0	1	0	0	0	1	1	1
294	SP	14.7	10.3	0.526	C	0.092	28.053	32.820	1	1	0	1	1	0	1	1	1	1	1
295	NS	13.2	11.2	0.498	A	0.076	28.233	33.700	0	0	0	0	0	0	0	0	0	0	0
296	NS	10.6	10.4	0.508	B	0.046	28.217	34.395	0	1	1	0	0	0	0	1	1	1	0
297	NS	6.1	8.2	0.541	A	0.013	29.760	35.300	1	0	1	0	1	0	1	0	0	1	0
299	NS	12.8	11.1	0.499	B	0.071	30.243	32.900	0	1	0	0	0	0	0	0	0	0	0
300	NS	11.0	10.5	0.507	B	0.051	30.043	32.900	1	0	1	1	0	1	1	0	0	1	1
301	NS	10.7	10.4	0.508	B	0.047	30.553	29.700	0	1	0	1	1	0	0	1	0	0	1
302	NS	10.6	10.4	0.508	B	0.046	30.350	29.800	1	0	1	1	1	1	0	1	1	0	1
303	NS	23.0	13.3	0.465	B	0.258	30.826	27.600	0	0	0	0	0	0	0	1	0	0	0
304	NS	7.6	9.1	0.526	C	0.022	30.801	25.400	1	1	0	1	1	1	1	1	1	1	1
305	NS	13.9	11.4	0.495	C	0.086	30.608	25.200	0	1	0	1	1	0	0	1	1	1	1
306	NS	11.8	10.8	0.503	A	0.059	30.677	23.200	0	0	0	0	0	0	0	0	0	0	1
307	NS	11.6	10.7	0.504	A	0.057	31.026	21.800	0	1	1	0	0	0	0	0	0	0	1
308	SP	11.4	9.9	0.537	C	0.054	31.170	20.500	1	1	1	1	1	0	1	1	1	1	1
309	NS	13.1	11.2	0.498	B	0.075	31.194	19.800	0	0	1	0	0	0	0	0	0	0	1
310	NS	15.5	11.8	0.490	B	0.109	31.432	15.800	0	0	0	0	0	0	0	0	1	0	0
311	NS	13.5	11.3	0.497	C	0.080	31.546	12.500	1	1	1	1	1	0	0	0	0	0	1
312	NS	18.2	12.4	0.481	A	0.156	31.412	10.600	1	0	0	0	0	0	0	0	0	0	0
313	NS	8.5	9.5	0.520	B	0.028	31.408	7.800	0	1	1	1	1	0	1	0	1	1	1
314	NS	17.8	12.4	0.482	B	0.148	31.270	6.000	0	0	0	0	0	0	0	0	0	0	0
315	NS	6.9	8.7	0.532	C	0.017	31.108	2.000	1	1	1	1	1	1	1	0	1	1	1
316	NS	13.0	11.1	0.499	A	0.074	33.641	1.500	0	0	0	0	0	0	0	1	0	0	0
317	NS	11.7	10.7	0.504	A	0.058	33.779	3.100	0	0	0	0	0	0	1	0	0	0	0
318	SP	18.9	11.1	0.511	C	0.159	32.540	4.100	1	1	0	0	1	0	0	0	1	1	1
319	NS	9.1	9.8	0.516	B	0.033	33.924	4.500	0	1	1	1	1	1	1	1	1	1	1
320	NS	14.9	11.7	0.492	B	0.100	33.927	7.000	0	0	0	0	0	0	0	0	0	0	0
321	NS	15.7	11.9	0.489	A	0.112	34.049	9.000	0	0	0	0	0	0	0	0	0	0	0
322	NS	13.5	11.3	0.497	C	0.080	33.675	10.900	1	1	1	1	1	0	0	1	1	1	1
324	NS	5.5	7.8	0.550	A	0.010	33.705	12.700	1	1	1	1	1	1	1	1	1	1	1
325	NS	16.9	12.2	0.485	A	0.132	33.627	14.700	0	0	0	0	0	0	0	0	0	0	0
326	NS	10.6	10.4	0.508	A	0.046	33.549	16.700	0	1	1	0	0	1	1	1	1	0	1
327	NS	12.7	11.1	0.500	A	0.070	33.367	18.800	0	0	0	1	1	0	1	0	0	0	0
328	NS	19.1	12.6	0.478	A	0.173	33.197	20.600	0	0	0	0	0	0	0	0	0	0	0
329	NS	12.5	11.0	0.500	A	0.068	33.219	22.600	1	0	0	0	0	1	0	1	1	0	0
330	NS	16.7	12.1	0.486	A	0.129	32.803	24.300	0	0	0	0	0	0	0	0	0	0	0
332	NS	11.2	10.6	0.506	C	0.053	32.790	25.900	1	1	0	1	1	1	1	0	1	1	0
333	NS	13.2	11.2	0.498	C	0.076	32.820	27.700	0	0	0	0	0	0	0	0	0	0	1
334	NS	8.6	9.6	0.519	C	0.029	32.680	31.300	0	1	1	0	1	0	0	1	1	0	1
335	NS	10.8	10.4	0.507	C	0.048	32.402	33.300	1	1	1	1	0	0	1	1	0	0	1
336	BI	6.3	9.7	0.515	A	0.016	32.467	34.200	1	0	1	1	0	0	1	1	0	1	1
337	NS	11.0	10.5	0.507	A	0.051	32.232	35.100	0	0	0	1	0	0	0	1	1	0	0
