Treenumber	Species	dbh	h	Formfactor	quality	V	X	Y	AJ	Alex	DS	HM	IM	JH	JR	TN
1	SS	11.5	10.3	0.500	A	0.053	2.049	1.050	0	1	0	1	0	1	0	0
2	SS	14.6	11.5	0.492	A	0.095	3.281	1.649	1	0	0	0	0	0	0	0
3	SS	9.1	9.1	0.509	C	0.030	3.137	2.689	0	1	0	0	0	0	0	0
4	SS	7.1	7.7	0.524	A	0.016	3.642	4.648	0	1	0	0	0	0	0	0
5	SS	10.7	9.9	0.503	A	0.045	2.792	5.577	0	1	0	0	0	0	0	0
6	SS	13.7	11.2	0.494	A	0.082	2.879	9.075	1	0	0	0	0	0	0	0
7	SS	12.1	10.6	0.499	B	0.061	3.488	11.114	0	1	0	0	0	0	0	0
8	SS	10.3	9.7	0.504	A	0.041	3.344	12.164	0	1	0	1	0	0	0	0
9	SS	16.9	12.3	0.487	B	0.135	3.351	14.172	1	0	0	1	0	0	1	1
10	SS	8.0	8.4	0.516	A	0.022	3.849	16.001	0	0	0	0	1	0	0	0
11	SS	15.5	11.9	0.490	A	0.110	3.767	18.200	0	0	0	0	0	1	0	0
12	SS	9.7	9.4	0.507	A	0.035	3.800	20.689	0	0	0	0	1	0	0	0
13	SS	12.4	10.7	0.498	A	0.064	3.871	22.028	0	0	0	0	0	0	0	0
14	SS	6.0	6.9	0.540	B	0.010	3.856	23.607	0	0	0	0	0	0	0	0
15	SS	8.7	8.8	0.511	B	0.027	3.747	25.316	0	0	0	0	0	0	0	0
16	SS	7.6	8.1	0.519	A	0.019	4.219	26.666	0	0	0	0	0	0	0	0
17	SS	12.7	10.8	0.497	B	0.068	3.424	28.625	0	0	0	1	0	0	0	0
18	SS	8.8	8.9	0.511	B	0.028	4.305	30.134	0	0	0	0	0	0	0	0
19	SS	14.0	11.3	0.494	A	0.086	4.173	31.403	0	0	0	0	0	0	0	0
20	SS	6.7	7.4	0.529	C	0.014	4.481	33.422	0	0	0	0	0	0	0	0
21	SS	7.2	7.8	0.523	C	0.017	4.281	33.422	0	0	0	0	0	0	0	0
22	SS	8.3	8.6	0.514	C	0.024	4.659	34.881	1	0	0	0	0	1	0	1
23	SS	12.5	10.7	0.498	C	0.065	4.464	34.981	1	0	0	1	0	1	0	1
24	SS	17.0	12.3	0.487	A	0.136	4.114	35.910	0	0	0	0	0	0	0	0
25	SS	7.7	8.2	0.518	B	0.020	6.133	34.641	1	0	0	0	0	0	0	0
26	SS	10.0	9.6	0.505	A	0.038	5.561	32.812	0	0	0	0	0	0	0	0
27	SS	12.9	10.9	0.496	A	0.071	5.663	27.785	0	0	0	0	0	0	0	0
28	SS	5.8	6.7	0.545	A	0.010	5.700	26.186	0	0	0	0	0	0	0	0
29	SS	11.4	10.2	0.501	A	0.052	5.799	23.617	1	0	0	0	1	0	1	0
30	SS	12.3	10.6	0.498	A	0.063	5.343	22.198	0	0	0	0	0	0	0	0
31	SS	5.5	6.4	0.552	A	0.008	4.948	19.759	1	0	0	0	0	0	0	0
32	SS	14.4	11.5	0.493	B	0.092	5.292	18.340	1	0	1	1	0	0	0	1
33	SS	7.8	8.2	0.517	A	0.020	4.986	15.662	0	0	0	0	0	0	0	0
34	SS	14.8	11.6	0.492	A	0.098	4.732	14.282	0	0	0	0	1	0	0	0
35	SS	12.3	10.6	0.498	B	0.063	5.262	12.503	1	0	0	0	0	0	1	0
36	SS	10.6	9.9	0.503	A	0.044	4.884	10.524	0	0	0	0	0	0	0	0
37	SS	15.7	11.9	0.490	B	0.113	4.716	8.795	0	1	0	0	0	0	0	0
38	SS	8.5	8.7	0.513	C	0.025	4.546	7.016	0	0	0	0	0	1	0	0
39	SS	15.2	11.8	0.491	A	0.105	4.599	3.278	1	0	1	0	1	0	0	0
40	SS	13.6	11.2	0.495	B	0.080	4.955	2.149	0	0	1	1	1	1	0	1
41	SS	8.9	8.9	0.510	C	0.028	6.710	1.659	0	0	0	0	0	0	0	0
42	SS	15.8	12.0	0.490	A	0.115	6.067	3.338	1	0	0	0	0	0	0	0
43	SS	13.0	10.9	0.496	A	0.072	6.428	8.046	1	0	0	0	0	1	0	0
44	SS	20.9	13.4	0.478	B	0.220	7.007	10.355	1	0	0	0	0	1	0	0
45	SS	9.5	9.3	0.507	A	0.033	6.575	12.343	0	0	0	0	0	0	0	0
46	SS	12.7	10.8	0.497	A	0.068	6.651	14.592	1	1	0	1	0	1	1	1
47	SS	14.0	11.3	0.494	A	0.086	6.709	16.271	0	0	0	0	0	1	0	0
48	SS	13.2	11.0	0.496	B	0.075	7.109	22.148	1	0	1	0	0	0	1	1
49	SS	9.3	9.2	0.508	A	0.032	6.484	24.327	1	1	1	0	0	0	0	0
50	SS	12.7	10.8	0.497	B	0.068	7.035	25.816	0	1	0	0	1	1	0	0
51	SS	12.4	10.7	0.498	B	0.064	7.118	28.255	1	0	0	1	0	1	0	0
52	SS	14.1	11.4	0.494	B	0.088	7.393	30.444	0	1	0	0	0	0	0	0
53	SS	13.0	10.9	0.496	A	0.072	7.064	32.542	1	0	0	0	0	0	0	0
54	SS	10.9	10.0	0.502	C	0.047	7.510	33.882	0	0	0	0	0	0	0	0
55	SS	5.4	6.3	0.555	C	0.008	7.614	33.982	0	0	0	0	0	0	0	0
56	SS	13.8	11.2	0.494	A	0.083	7.697	36.430	1	0	0	1	0	1	0	1
57	SS	11.9	10.5	0.499	A	0.058	8.716	36.290	0	0	0	0	1	0	0	0
58	SS	14.4	11.5	0.493	C	0.092	8.488	35.021	0	0	0	0	1	0	0	0
59	SS	10.0	9.6	0.505	B	0.038	8.460	33.692	0	0	0	0	0	0	0	0
60	SS	16.0	12.0	0.489	A	0.118	8.621	31.873	1	0	0	0	0	0	0	0
61	SS	5.8	6.7	0.545	B	0.010	8.586	30.234	1	0	0	0	0	0	0	0
62	SS	10.4	9.8	0.504	A	0.042	8.537	27.935	0	0	0	0	0	0	0	0
63	SS	10.8	10.0	0.502	C	0.046	8.592	25.846	0	1	0	0	0	1	0	0
64	SS	14.3	11.4	0.493	A	0.091	8.054	24.047	0	0	0	0	0	0	0	0
65	SS	12.5	10.7	0.498	A	0.065	8.312	22.088	1	0	0	0	0	0	1	1
66	SS	8.2	8.5	0.514	A	0.023	8.271	20.179	0	0	0	0	0	0	0	0
67	SS	11.1	10.1	0.502	A	0.049	8.435	18.490	0	0	0	0	0	0	0	0
68	SS	13.8	11.2	0.494	A	0.083	8.394	16.601	0	1	0	0	0	1	0	0
69	SS	16.9	12.3	0.487	A	0.135	8.443	14.202	1	0	1	0	0	0	1	0
70	SS	6.2	7.0	0.536	B	0.011	8.299	12.154	0	0	0	0	0	0	0	0
71	SS	11.1	10.1	0.502	A	0.049	7.557	10.175	0	1	0	0	0	0	0	0
72	SS	16.2	12.1	0.489	B	0.122	8.118	8.336	0	0	0	0	0	0	0	0
73	SS	14.6	11.5	0.492	B	0.095	8.086	6.837	0	1	1	0	0	0	0	0
74	SS	7.5	8.0	0.520	C	0.018	7.800	2.839	0	0	1	0	0	0	0	0
75	SS	14.0	11.3	0.494	A	0.086	9.222	2.319	0	0	0	1	0	1	1	0
76	SS	15.4	11.8	0.490	A	0.108	9.441	3.398	0	0	1	0	0	0	0	0
77	SS	18.1	12.7	0.484	B	0.158	9.071	5.097	0	0	0	1	0	1	1	0
78	SS	13.4	11.1	0.495	B	0.077	9.598	6.647	0	0	1	0	0	0	0	0
79	SS	14.6	11.5	0.492	B	0.095	9.427	8.276	0	0	0	0	0	0	0	0
80	SS	10.7	9.9	0.503	B	0.045	9.658	10.035	0	0	0	0	0	0	0	0
81	SS	18.4	12.8	0.484	B	0.164	9.603	12.603	0	0	0	0	1	1	0	1
82	SS	13.1	11.0	0.496	B	0.073	9.726	13.903	1	0	1	1	0	0	1	0
83	SS	14.3	11.4	0.493	B	0.091	9.662	15.931	0	0	0	0	0	0	0	0
84	SS	13.3	11.1	0.495	A	0.076	10.382	17.091	0	0	0	1	0	0	0	0
85	SS	15.0	11.7	0.491	C	0.101	10.018	19.140	0	0	0	0	0	0	0	0
86	SS	12.9	10.9	0.496	B	0.071	9.439	20.309	0	0	0	1	0	0	0	0
87	SS	12.1	10.6	0.499	A	0.061	9.864	21.728	0	0	0	0	0	0	1	0
88	SS	11.4	10.2	0.501	A	0.052	9.889	23.188	1	0	0	0	1	0	0	0
89	SS	15.9	12.0	0.489	B	0.117	9.914	24.617	1	0	1	0	1	0	0	1
90	SS	15.8	12.0	0.490	A	0.115	9.654	26.855	0	0	0	0	0	1	1	0
91	SS	8.3	8.6	0.514	C	0.024	10.193	29.074	0	0	0	0	0	0	0	0
92	SS	17.7	12.6	0.485	B	0.150	9.921	30.663	1	0	0	0	0	0	0	0
93	SS	14.9	11.7	0.492	A	0.100	10.045	32.043	0	1	0	0	0	0	0	0
94	SS	6.6	7.4	0.530	C	0.013	9.974	33.662	0	0	0	0	0	0	0	0
95	SS	12.6	10.8	0.497	B	0.067	10.097	34.981	0	0	1	0	0	1	0	0
96	SS	17.2	12.4	0.486	B	0.140	12.066	36.770	0	0	0	0	0	0	0	0
97	SS	14.8	11.6	0.492	B	0.098	12.239	34.911	0	1	1	1	1	1	1	1
98	SS	12.5	10.7	0.498	C	0.065	12.930	34.291	1	1	0	0	0	0	0	0
99	SS	16.5	12.2	0.488	A	0.127	11.720	33.602	1	0	0	0	0	1	0	0
100	SS	9.5	9.3	0.507	A	0.033	12.594	31.843	0	0	1	0	0	0	0	0
101	SS	16.1	12.1	0.489	B	0.120	12.173	30.374	0	0	0	0	0	0	0	0
102	SS	7.0	7.7	0.525	B	0.016	11.753	29.024	0	0	0	0	0	0	0	0
103	SS	17.4	12.5	0.486	B	0.144	12.429	27.345	1	0	0	1	1	0	0	0
104	SS	13.0	10.9	0.496	B	0.072	11.808	25.876	1	0	1	0	0	1	1	0
105	SS	7.0	7.7	0.525	C	0.016	12.685	24.287	0	0	0	0	0	0	0	0
106	SS	6.0	6.9	0.540	C	0.010	12.586	24.387	0	0	0	0	0	0	0	0
107	SS	5.3	6.2	0.559	C	0.008	12.388	24.487	0	0	0	0	0	0	0	0
108	SS	19.0	12.9	0.482	B	0.177	12.464	22.848	0	0	0	0	0	0	0	0
109	SS	9.1	9.1	0.509	C	0.030	12.450	21.888	1	0	0	0	0	0	0	0
110	SS	8.1	8.4	0.515	B	0.022	12.212	19.280	0	0	0	0	0	0	0	0
111	SS	13.5	11.1	0.495	B	0.079	11.991	17.810	0	0	0	0	0	0	1	0
112	SS	14.4	11.5	0.493	A	0.092	11.676	16.801	1	0	1	0	0	0	0	0
113	SS	16.8	12.3	0.487	B	0.133	11.745	14.632	0	0	0	0	1	0	0	0
114	SS	10.4	9.8	0.504	B	0.042	11.925	13.273	1	0	1	0	1	0	1	0
115	SS	19.1	13.0	0.482	A	0.179	11.903	11.744	1	0	0	0	0	0	0	0
116	SS	18.2	12.7	0.484	C	0.160	10.752	8.226	0	1	0	0	0	0	0	0
117	SS	12.4	10.7	0.498	B	0.064	11.633	6.896	0	0	0	0	0	0	1	0
118	SS	17.0	12.3	0.487	A	0.136	11.409	5.247	0	0	0	0	0	0	0	1
119	SS	12.8	10.9	0.497	A	0.069	12.082	3.418	0	0	0	0	0	0	1	0
120	SS	16.5	12.2	0.488	B	0.127	11.545	0.850	1	0	0	1	0	1	0	0
121	SS	19.0	12.9	0.482	A	0.177	13.968	0.790	0	0	0	0	0	0	0	0
122	SS	14.6	11.5	0.492	A	0.095	14.813	2.359	1	0	1	1	1	1	1	0
123	SS	18.4	12.8	0.484	A	0.164	14.653	3.738	0	0	0	0	0	0	0	0
124	SS	13.0	10.9	0.496	B	0.072	14.889	5.008	0	1	1	0	0	0	0	0
125	SS	11.4	10.2	0.501	A	0.052	14.130	6.437	0	1	0	0	0	0	0	0
126	SS	14.2	11.4	0.493	A	0.089	14.184	8.336	0	1	0	1	1	0	0	0
127	SS	14.3	11.4	0.493	A	0.091	14.235	10.115	0	0	1	0	1	0	0	1
128	SS	11.3	10.2	0.501	A	0.051	14.581	11.704	1	0	1	0	0	0	0	0
129	SS	15.0	11.7	0.491	A	0.101	14.868	14.732	1	0	0	0	0	1	0	0
130	SS	11.3	10.2	0.501	C	0.051	14.712	16.291	1	0	0	0	0	0	1	0
131	SS	19.4	13.0	0.481	B	0.185	14.452	17.671	1	1	0	0	0	1	1	0
132	SS	16.6	12.2	0.488	A	0.129	14.690	19.020	0	0	1	0	0	0	0	1
133	SS	6.7	7.4	0.529	C	0.014	14.530	20.409	0	0	0	0	0	0	0	0
134	SS	18.3	12.7	0.484	B	0.162	14.664	21.578	0	0	0	0	0	0	0	0
135	SS	12.6	10.8	0.497	B	0.067	14.705	23.038	0	0	0	0	0	0	0	0
136	SS	14.6	11.5	0.492	A	0.095	14.436	24.097	0	0	0	0	0	0	0	0
137	SS	17.9	12.6	0.485	B	0.154	14.779	25.616	1	1	1	1	1	0	1	1
138	SS	18.9	12.9	0.482	A	0.175	14.519	27.005	0	0	0	0	0	1	0	0
139	SS	18.9	12.9	0.482	B	0.175	14.465	28.625	1	1	1	1	1	0	1	1
140	SS	14.9	11.7	0.492	B	0.100	14.811	30.204	0	0	0	0	0	0	0	0
141	SS	17.6	12.5	0.485	A	0.148	14.849	31.543	0	1	0	0	0	0	0	0
142	SS	15.2	11.8	0.491	B	0.105	15.087	32.882	1	1	0	0	1	0	1	0
143	SS	21.8	13.7	0.475	B	0.242	14.939	34.701	0	0	0	0	0	0	0	0
144	SS	13.3	11.1	0.495	A	0.076	14.888	36.410	1	1	0	0	0	0	0	0
145	SS	17.2	12.4	0.486	C	0.140	18.538	36.400	0	1	0	0	1	1	0	1
146	SS	13.8	11.2	0.494	C	0.083	18.208	34.621	0	0	1	1	0	0	0	0
147	SS	8.2	8.5	0.514	C	0.023	18.308	34.631	0	0	1	1	0	0	0	0
148	SS	18.7	12.8	0.483	A	0.170	18.309	33.282	0	0	0	0	0	0	0	0
149	SS	8.6	8.8	0.512	C	0.026	17.491	31.673	0	0	1	1	0	0	0	0
150	SS	15.1	11.7	0.491	C	0.103	17.384	31.583	0	0	1	0	0	0	0	1
151	SS	15.0	11.7	0.491	A	0.101	18.086	30.244	1	0	0	0	0	0	0	0
152	SS	16.8	12.3	0.487	A	0.133	17.566	28.615	0	0	0	0	1	1	0	1
153	SS	16.0	12.0	0.489	A	0.118	17.710	27.845	1	0	0	0	0	0	0	0
154	SS	14.7	11.6	0.492	B	0.097	17.617	26.586	0	0	0	0	0	1	0	0
155	SS	9.7	9.4	0.507	A	0.035	17.508	25.096	0	0	0	0	0	0	0	0
156	SS	17.4	12.5	0.486	B	0.144	17.542	22.848	0	0	0	0	0	0	0	0
157	SS	13.6	11.2	0.495	B	0.080	17.239	21.438	0	0	1	1	1	0	0	0
158	SS	16.4	12.2	0.488	A	0.125	17.037	20.059	1	0	0	0	0	0	0	0
159	SS	13.5	11.1	0.495	B	0.079	16.820	18.460	1	1	1	1	1	1	0	0
160	SS	16.7	12.3	0.487	B	0.131	16.391	16.701	0	0	0	0	0	0	0	0
161	SS	11.6	10.3	0.500	A	0.055	16.581	15.212	0	1	0	0	0	1	0	0
162	SS	15.5	11.9	0.490	B	0.110	16.384	13.893	1	0	0	0	0	0	0	0
163	SS	13.0	10.9	0.496	B	0.072	16.126	11.734	0	0	0	0	0	1	0	0
164	SS	7.8	8.2	0.517	C	0.020	16.056	10.784	1	0	0	0	0	0	0	0
165	SS	8.7	8.8	0.511	A	0.027	16.274	9.675	0	0	0	0	1	0	0	0
166	SS	17.3	12.4	0.486	A	0.142	15.933	9.115	0	1	0	0	0	0	0	1
167	SS	15.8	12.0	0.490	A	0.115	16.729	6.337	0	0	0	0	0	0	0	0
168	SS	13.6	11.2	0.495	A	0.080	16.081	5.687	0	1	0	0	0	1	0	0
169	SS	12.0	10.5	0.499	A	0.059	16.160	4.038	0	0	1	0	0	0	0	0
170	SS	12.0	10.5	0.499	C	0.059	16.012	2.029	1	0	0	0	0	0	0	0
171	SS	11.2	10.1	0.501	C	0.050	15.807	1.949	1	0	0	0	0	0	0	0
172	SS	14.7	11.6	0.492	A	0.097	17.605	0.840	0	0	0	0	0	0	0	0
173	SS	11.1	10.1	0.502	C	0.049	17.953	2.299	0	0	0	0	0	0	0	0
174	SS	15.4	11.8	0.490	B	0.108	18.526	3.998	0	0	0	0	0	0	0	0
175	SS	12.5	10.7	0.498	C	0.065	18.580	5.507	0	1	0	0	0	1	0	0
176	SS	11.0	10.1	0.502	C	0.048	18.721	6.896	0	0	0	0	0	1	0	0
177	SS	12.7	10.8	0.497	A	0.068	19.066	9.305	0	1	0	1	0	1	0	0
178	SS	8.2	8.5	0.514	A	0.023	17.930	8.945	0	0	0	0	0	0	0	0
179	SS	12.3	10.6	0.498	A	0.063	17.700	9.635	0	0	1	0	0	0	0	0
180	SS	10.6	9.9	0.503	A	0.044	18.939	11.004	0	0	0	0	0	0	0	0
181	SS	13.5	11.1	0.495	B	0.079	18.954	12.134	0	0	0	0	0	0	0	0
182	SS	9.0	9.0	0.510	B	0.029	19.080	13.373	0	0	0	0	0	0	0	0
183	SS	9.9	9.5	0.506	B	0.037	19.040	14.942	0	0	0	0	0	0	0	0
184	SS	12.5	10.7	0.498	B	0.065	20.137	15.892	0	0	1	1	1	0	0	0
185	SS	8.0	8.4	0.516	C	0.022	20.487	17.371	0	0	0	0	0	0	0	0
186	SS	16.2	12.1	0.489	A	0.122	20.579	18.270	0	0	0	0	0	0	0	0
187	SS	6.2	7.0	0.536	C	0.011	19.450	17.990	0	0	0	0	0	0	0	0
188	SS	12.0	10.5	0.499	A	0.059	19.641	19.869	0	1	0	0	1	0	0	0
189	SS	7.3	7.9	0.522	C	0.017	19.766	21.089	0	0	0	0	0	0	0	0
190	SS	14.2	11.4	0.493	C	0.089	19.676	21.189	0	0	0	0	0	0	0	0
191	SS	13.0	10.9	0.496	B	0.072	20.561	23.008	0	0	0	0	0	0	0	0
192	SS	6.2	7.0	0.536	C	0.011	19.991	24.287	0	0	0	0	0	0	0	0
193	SS	16.6	12.2	0.488	C	0.129	21.165	25.016	1	0	0	0	0	1	0	0
194	SS	13.3	11.1	0.495	A	0.076	20.089	25.246	0	0	0	0	0	0	0	0
195	SS	15.2	11.8	0.491	B	0.105	20.203	27.355	0	0	0	0	1	0	0	0
196	SS	14.1	11.4	0.494	B	0.088	20.428	28.585	1	0	0	0	0	0	0	0
197	SS	13.3	11.1	0.495	B	0.076	20.429	30.553	0	0	0	0	0	0	0	0
198	SS	6.9	7.6	0.526	A	0.015	20.429	31.533	1	0	0	0	0	0	0	1
199	SS	12.5	10.7	0.498	A	0.065	21.090	33.122	0	1	1	0	0	0	0	0
200	SS	8.1	8.4	0.515	C	0.022	21.591	35.091	0	0	0	0	0	0	0	0
201	SS	15.0	11.7	0.491	A	0.101	20.912	36.280	0	0	0	0	0	0	0	0
202	SS	14.2	11.4	0.493	A	0.089	23.667	35.531	0	0	0	0	0	0	0	0
203	SS	10.7	9.9	0.503	C	0.045	23.364	34.281	0	0	1	1	0	0	0	0
204	SS	6.8	7.5	0.527	C	0.014	23.356	34.181	0	1	1	0	0	0	0	0
205	SS	17.7	12.6	0.485	B	0.150	23.722	32.552	0	0	0	0	0	0	1	0
206	SS	14.8	11.6	0.492	B	0.098	23.306	31.143	1	0	1	0	0	0	0	0
207	SS	9.0	9.0	0.510	A	0.029	23.001	29.864	0	0	0	0	1	0	0	0
208	SS	14.1	11.4	0.494	A	0.088	22.726	28.944	0	0	0	0	0	0	0	0
209	SS	13.5	11.1	0.495	A	0.079	22.852	26.825	1	0	0	1	0	1	0	0
210	SS	13.9	11.3	0.494	A	0.085	22.620	25.226	0	0	0	0	0	0	0	0
211	SS	14.0	11.3	0.494	B	0.086	22.468	23.367	1	0	0	1	0	0	1	0
212	SS	14.8	11.6	0.492	A	0.098	22.318	21.548	0	0	0	0	0	0	1	1
213	SS	15.3	11.8	0.491	B	0.106	21.989	19.969	0	1	0	1	0	1	0	0
214	SS	10.1	9.6	0.505	A	0.039	22.410	19.010	0	0	0	0	0	0	0	0
215	SS	13.1	11.0	0.496	A	0.073	21.942	16.971	0	1	0	0	0	0	1	0
216	SS	12.7	10.8	0.497	A	0.068	21.833	15.632	1	1	1	1	0	0	0	0
217	SS	17.3	12.4	0.486	A	0.142	21.453	14.662	1	0	0	0	0	1	0	1
218	SS	12.4	10.7	0.498	A	0.064	22.716	12.993	0	0	0	0	0	0	0	0
219	SS	5.5	6.4	0.552	C	0.008	21.916	12.993	0	0	0	0	0	0	0	0
220	SS	5.5	6.4	0.552	C	0.008	22.008	12.893	0	0	0	0	0	0	0	0
221	SS	17.4	12.5	0.486	A	0.144	21.497	11.544	0	0	0	0	0	0	0	0
222	SS	5.5	6.4	0.552	A	0.008	20.980	8.905	0	0	0	0	0	0	0	0
223	SS	8.5	8.7	0.513	A	0.025	20.806	8.006	0	0	0	1	0	0	0	0
224	SS	5.9	6.8	0.542	A	0.010	21.839	7.186	0	0	0	0	0	0	0	0
225	SS	10.1	9.6	0.505	B	0.039	21.008	3.159	0	0	0	0	0	0	0	0
226	SS	11.2	10.1	0.501	B	0.050	20.332	2.229	0	0	0	0	0	0	0	0
227	SS	12.4	10.7	0.498	A	0.064	20.693	1.759	0	0	1	0	1	1	0	0
228	SS	16.5	12.2	0.488	A	0.127	22.015	0.910	0	1	0	0	0	0	0	0
229	SS	14.2	11.4	0.493	B	0.089	22.187	2.949	1	0	0	0	0	0	0	1
230	SS	14.8	11.6	0.492	A	0.098	22.558	4.978	0	1	0	0	0	0	0	0
231	SS	9.1	9.1	0.509	B	0.030	22.719	6.876	0	0	0	0	0	0	0	0
232	SS	16.7	12.3	0.487	A	0.131	22.874	8.715	0	1	0	0	0	1	0	0
233	SS	15.1	11.7	0.491	A	0.103	23.364	9.775	0	0	0	0	0	0	0	0
234	SS	17.4	12.5	0.486	B	0.144	22.855	10.854	0	0	0	0	0	1	0	0
235	SS	12.2	10.6	0.498	B	0.062	23.643	13.073	1	0	0	0	0	0	0	0
236	SS	15.8	12.0	0.490	A	0.115	23.899	14.922	0	0	0	0	0	0	1	0
237	SS	13.9	11.3	0.494	A	0.085	23.766	16.891	1	0	0	0	0	0	0	0
238	SS	11.5	10.3	0.500	A	0.053	23.952	19.100	0	0	0	0	0	1	0	0
239	SS	13.9	11.3	0.494	A	0.085	23.849	20.239	0	0	0	0	0	0	1	1
240	SS	12.1	10.6	0.499	A	0.061	23.996	21.978	0	0	0	0	0	1	1	0
241	SS	13.7	11.2	0.494	A	0.082	24.143	23.717	1	0	0	0	0	0	0	0
242	SS	5.7	6.6	0.547	C	0.009	25.109	25.686	0	0	0	0	0	0	0	0
243	SS	7.0	7.7	0.525	C	0.016	25.301	25.586	0	0	0	0	0	0	0	0
244	SS	7.1	7.7	0.524	C	0.016	25.188	25.436	0	0	0	0	0	0	0	0
245	SS	9.8	9.4	0.506	B	0.036	24.293	26.686	1	0	1	0	0	0	0	0
246	SS	11.5	10.3	0.500	C	0.053	24.488	28.984	0	0	0	0	1	0	0	0
247	SS	14.9	11.7	0.492	A	0.100	24.728	30.643	0	0	0	0	0	0	0	0
248	SS	11.8	10.4	0.499	A	0.057	24.740	31.963	0	1	1	0	0	0	0	0
249	SS	12.1	10.6	0.499	B	0.061	24.805	33.922	1	1	1	0	0	0	0	0
250	SS	11.6	10.3	0.500	B	0.055	24.945	35.581	0	1	1	1	0	0	0	0
251	SS	16.7	12.3	0.487	A	0.131	26.784	35.561	1	1	0	0	0	0	0	0
252	SS	13.3	11.1	0.495	A	0.076	26.637	33.712	1	0	1	0	1	1	1	0
253	SS	15.7	11.9	0.490	B	0.113	26.301	32.003	0	1	0	1	0	0	1	1
254	SS	12.0	10.5	0.499	A	0.059	26.367	30.324	0	0	0	0	0	0	0	0
255	SS	10.6	9.9	0.503	A	0.044	26.196	28.185	0	1	1	0	0	0	1	0
256	SS	17.1	12.4	0.487	A	0.138	26.116	27.175	0	0	0	0	0	0	0	0
257	SS	12.5	10.7	0.498	A	0.065	26.351	26.356	0	0	1	0	0	0	1	1
258	SS	11.0	10.1	0.502	B	0.048	25.703	24.507	0	0	0	0	0	0	0	0
259	SS	13.2	11.0	0.496	A	0.075	25.772	22.858	0	0	0	0	0	0	0	0
260	SS	12.2	10.6	0.498	C	0.062	25.487	21.788	0	1	0	0	0	0	0	0
261	SS	12.4	10.7	0.498	A	0.064	25.301	19.460	0	0	0	0	1	1	0	0
262	SS	13.0	10.9	0.496	A	0.072	25.225	18.510	1	1	0	0	0	0	0	0
263	SS	8.8	8.9	0.511	A	0.028	24.912	17.091	0	0	0	0	0	0	0	0
264	SS	14.3	11.4	0.493	B	0.091	25.217	15.892	1	0	0	0	0	0	1	1
265	SS	10.5	9.8	0.503	A	0.043	25.855	15.122	0	0	0	0	0	1	0	0
266	SS	5.9	6.8	0.542	B	0.010	24.662	12.693	0	0	0	0	0	0	0	0
267	SS	11.5	10.3	0.500	B	0.053	24.856	11.364	0	0	0	0	0	0	0	0
268	SS	15.5	11.9	0.490	A	0.110	24.587	9.245	0	0	0	0	0	0	0	0
269	SS	15.2	11.8	0.491	A	0.105	24.584	6.697	1	1	1	0	0	1	0	1
270	SS	11.3	10.2	0.501	A	0.051	24.278	5.367	1	0	0	0	1	0	0	0
271	SS	16.4	12.2	0.488	A	0.125	23.873	2.799	1	0	0	0	0	1	0	0
272	SS	13.5	11.1	0.495	A	0.079	23.966	1.459	0	0	0	0	1	0	0	0
273	SS	10.2	9.7	0.505	A	0.040	25.204	0.700	0	0	0	0	0	0	0	0
274	SS	13.0	10.9	0.496	A	0.072	25.314	2.239	0	0	0	0	0	1	0	1
275	SS	9.7	9.4	0.507	A	0.035	25.523	3.778	0	0	0	0	0	0	0	0
276	SS	11.6	10.3	0.500	A	0.055	25.636	5.367	1	1	0	0	0	0	0	0
277	SS	15.7	11.9	0.490	A	0.113	26.366	7.196	0	0	0	1	1	0	1	0
278	SS	11.1	10.1	0.502	A	0.049	25.975	8.725	0	0	0	0	0	0	0	0
279	SS	10.0	9.6	0.505	A	0.038	26.286	11.704	0	0	0	0	0	0	0	0
280	SS	10.6	9.9	0.503	C	0.044	26.387	13.123	0	0	0	1	0	0	0	0
281	SS	7.7	8.2	0.518	C	0.020	26.481	13.043	0	0	0	1	0	0	0	0
282	SS	13.2	11.0	0.496	A	0.075	27.226	15.072	0	1	1	0	1	0	0	1
283	SS	17.2	12.4	0.486	A	0.140	27.593	16.021	0	0	0	0	0	1	1	0
284	SS	13.0	10.9	0.496	A	0.072	27.190	17.381	1	1	0	0	1	0	0	1
285	SS	14.5	11.5	0.493	A	0.094	27.597	18.890	0	0	0	0	1	0	1	0
286	SS	14.7	11.6	0.492	B	0.097	27.582	20.089	1	1	0	1	0	0	0	0
287	SS	14.5	11.5	0.493	C	0.094	26.989	21.588	0	0	0	0	0	0	0	0
288	SS	13.1	11.0	0.496	C	0.073	28.008	21.858	0	1	1	1	1	0	0	0
289	SS	6.2	7.0	0.536	C	0.011	28.146	22.388	0	1	1	1	1	0	0	0
290	SS	19.2	13.0	0.482	A	0.181	28.318	23.407	0	0	0	0	0	1	0	0
291	SS	11.7	10.4	0.500	B	0.056	27.874	25.606	0	0	0	0	0	1	0	0
292	SS	5.4	6.3	0.555	B	0.008	27.766	25.486	0	0	0	0	0	1	0	0
293	SS	15.7	11.9	0.490	A	0.113	27.841	29.364	0	0	0	0	0	0	0	1
294	SS	7.2	7.8	0.523	C	0.017	28.608	30.304	0	0	0	0	0	0	0	0
295	SS	9.9	9.5	0.506	C	0.037	28.414	30.384	0	0	0	0	0	0	0	0
296	SS	14.6	11.5	0.492	A	0.095	27.863	32.482	1	0	0	0	0	0	0	0
297	SS	14.7	11.6	0.492	A	0.097	28.208	34.521	0	1	0	0	0	0	0	1
298	SS	12.1	10.6	0.499	C	0.061	28.698	35.791	1	0	1	0	1	1	0	0
299	SS	12.1	10.6	0.499	A	0.061	29.493	36.660	0	1	0	0	0	0	0	0
300	SS	9.9	9.5	0.506	A	0.037	29.479	33.482	1	1	0	0	0	0	0	0
301	SS	8.9	8.9	0.510	A	0.028	29.388	32.133	0	0	0	0	0	0	0	0
302	SS	6.6	7.4	0.530	C	0.013	29.569	31.843	0	0	0	0	0	0	0	0
303	SS	10.1	9.6	0.505	C	0.039	29.368	31.833	0	0	0	0	0	0	0	0
304	SS	5.3	6.2	0.559	A	0.008	28.975	28.964	0	0	0	0	0	0	0	0
305	SS	7.2	7.8	0.523	A	0.017	28.893	27.745	0	0	0	0	0	0	0	0
306	SS	10.2	9.7	0.505	B	0.040	29.275	25.986	0	0	0	0	0	1	0	0
307	SS	11.8	10.4	0.499	A	0.057	28.693	24.767	0	0	1	0	1	0	0	1
308	SS	6.4	7.2	0.533	C	0.012	29.617	23.647	0	1	0	0	0	0	0	0
309	SS	14.8	11.6	0.492	B	0.098	28.519	19.210	1	0	0	0	0	0	0	0
310	SS	11.8	10.4	0.499	A	0.057	28.535	17.970	1	0	0	0	0	0	0	0
311	SS	5.9	6.8	0.542	A	0.010	27.927	13.393	0	0	0	0	0	0	0	0
312	SS	15.3	11.8	0.491	B	0.106	27.617	11.754	1	0	0	0	0	0	0	0
313	SS	11.2	10.1	0.501	B	0.050	28.488	11.324	1	0	0	1	0	0	0	0
314	SS	15.3	11.8	0.491	B	0.106	27.665	9.495	0	0	0	0	0	0	0	0
315	SS	12.3	10.6	0.498	B	0.063	27.901	8.546	1	0	0	0	0	0	0	0
316	SS	11.4	10.2	0.501	B	0.052	27.710	7.186	1	0	1	0	0	1	0	0
317	SS	13.8	11.2	0.494	A	0.083	27.411	5.717	1	0	1	0	0	0	0	1
318	SS	9.1	9.1	0.509	A	0.030	27.518	4.328	0	0	0	1	0	0	0	0
319	SS	13.3	11.1	0.495	A	0.076	27.185	2.359	0	0	1	0	0	1	0	1
320	SS	14.1	11.4	0.494	A	0.088	27.088	0.920	0	0	0	0	0	0	0	0
321	SS	6.8	7.5	0.527	A	0.014	29.408	1.180	0	0	0	0	0	0	0	0
322	SS	11.6	10.3	0.500	A	0.055	29.513	4.118	0	0	0	0	0	0	0	0
323	SS	13.2	11.0	0.496	B	0.075	29.942	5.957	0	0	0	0	0	0	0	0
